0.508728
1.43951
2.586562
3.626581
4.741614
5.993248
7.100144
8.407929
9.458929
10.506533
0.478722
1.434322
2.585063
3.630775
4.739534
5.99711
7.103278
8.424917
9.460007
10.503652
0.481145
1.438311
2.578264
3.627719
4.731866
5.988763
7.094152
8.41164
9.450845
10.503353
0.482068
1.438663
2.580919
3.633156
4.733913
6.000289
7.100735
8.414532
9.455087
10.502464
0.479525
1.440699
2.580091
3.642743
4.739144
5.99814
7.098927
8.413565
9.456162
10.512924
0.478621
1.435518
2.585259
3.626791
4.739742
5.992341
7.098608
8.412085
9.451022
10.504514
0.490523
1.438051
2.585407
3.625031
4.736652
5.993825
7.102306
8.413229
9.455485
10.502826
0.49398
1.441126
2.580447
3.62501
4.737717
5.995286
7.094803
8.412867
9.453156
10.504735
0.480039
1.436963
2.586235
3.634311
4.738821
5.991394
7.091477
8.409449
9.449083
10.505629
0.471797
1.437653
2.586399
3.622281
4.744165
5.993109
7.102971
8.420279
9.460088
10.508816
