0.486022
1.439887
2.487522
3.43198
4.440645
5.49629
6.401502
7.519136
8.450757
9.403073
0.483228
1.432629
2.479759
3.428272
4.441139
5.493139
6.397738
7.519632
8.45853
9.402336
0.485784
1.439448
2.481724
3.430229
4.43939
5.491244
6.392851
7.518346
8.457453
9.406726
0.482806
1.435141
2.491752
3.43091
4.444888
5.49735
6.407497
7.52402
8.464322
9.408667
0.48076
1.431902
2.487389
3.425451
4.443509
5.496921
6.391816
7.509721
8.459295
9.410492
0.491373
1.444877
2.475794
3.436227
4.437537
5.498426
6.398843
7.516938
8.455796
9.399767
0.479629
1.436358
2.481255
3.432554
4.442132
5.494911
6.399277
7.513054
8.456963
9.409871
0.484158
1.440726
2.482073
3.428795
4.4418
5.490326
6.395638
7.51067
8.453739
9.40543
0.480527
1.437111
2.484358
3.427663
4.440721
5.498943
6.400215
7.515748
8.463366
9.402873
0.485927
1.438384
2.48222
3.430407
4.44451
5.497975
6.403172
7.524365
8.459819
9.403512
